49
0 0.4 0 0.707107 0.707107 0 0
0 0.34641 0.2 0.5 0.866025 0 0
0 0.2 0.34641 0.258819 0.965926 0 0
0 0 0.4 0 1 0 0
0 -0.2 0.34641 -0.258819 0.965926 0 0
0 -0.34641 0.2 -0.5 0.866025 0 0
0 -0.4 0 0.707107 -0.707107 0 0
0.34641 0.2 0 0.707107 0.353553 -0.612372 0
0.3 0.173205 0.2 -0.5 -0.433013 0.75 0
0.173205 0.1 0.34641 -0.258819 -0.482963 0.836516 0
0 0 0.4 0 1 0 0
-0.173205 -0.1 0.34641 0.258819 -0.482963 0.836516 0
-0.3 -0.173205 0.2 0.5 -0.433013 0.75 0
-0.34641 -0.2 0 0.707107 -0.353553 0.612372 0
0.34641 -0.2 0 0.707107 -0.353553 -0.612372 0
0.3 -0.173205 0.2 -0.5 0.433013 0.75 0
0.173205 -0.1 0.34641 -0.258819 0.482963 0.836516 0
0 0 0.4 0 1 0 0
-0.173205 0.1 0.34641 0.258819 0.482963 0.836516 0
-0.3 0.173205 0.2 0.5 0.433013 0.75 0
-0.34641 0.2 0 0.707107 0.353553 0.612372 0
0 -0.4 0 0.707107 -0.707107 0 0
0 -0.34641 0.2 -0.5 0.866025 0 0
0 -0.2 0.34641 -0.258819 0.965926 0 0
0 0 0.4 0 1 0 0
0 0.2 0.34641 0.258819 0.965926 0 0
0 0.34641 0.2 0.5 0.866025 0 0
0 0.4 0 0.707107 0.707107 0 0
-0.34641 -0.2 0 0.707107 -0.353553 0.612372 0
-0.3 -0.173205 0.2 0.5 -0.433013 0.75 0
-0.173205 -0.1 0.34641 0.258819 -0.482963 0.836516 0
0 0 0.4 0 1 0 0
0.173205 0.1 0.34641 -0.258819 -0.482963 0.836516 0
0.3 0.173205 0.2 -0.5 -0.433013 0.75 0
0.34641 0.2 0 0.707107 0.353553 -0.612372 0
-0.34641 0.2 0 0.707107 0.353553 0.612372 0
-0.3 0.173205 0.2 0.5 0.433013 0.75 0
-0.173205 0.1 0.34641 0.258819 0.482963 0.836516 0
0 0 0.4 0 1 0 0
0.173205 -0.1 0.34641 -0.258819 0.482963 0.836516 0
0.3 -0.173205 0.2 -0.5 0.433013 0.75 0
0.34641 -0.2 0 0.707107 -0.353553 -0.612372 0
0 0.4 0 0.707107 0.707107 0 0
0 0.34641 0.2 0.5 0.866025 0 0
0 0.2 0.34641 0.258819 0.965926 0 0
0 0 0.4 0 1 0 0
0 -0.2 0.34641 -0.258819 0.965926 0 0
0 -0.34641 0.2 -0.5 0.866025 0 0
0 -0.4 0 0.707107 -0.707107 0 0
